%YAML:1.0
---
image_width: 1280
image_height: 720
camera_matrix: !!opencv-matrix
   rows: 3
   cols: 3
   dt: d
   data: [ 7.6411985579711256e+02, 0., 5.9815734338115954e+02, 0.,
       7.6637366685905761e+02, 3.8239286574063226e+02, 0., 0., 1. ]
distortion_coefficients: !!opencv-matrix
   rows: 1
   cols: 5
   dt: d
   data: [ 9.5139551141195544e-02, -2.1833317087727447e-01,
       4.9174824640267026e-04, -2.3096388891734022e-03,
       9.2476783140257507e-02 ]
avg_reprojection_error: 1.1898543183300678e-01
